1 3587988
1 5914693
1 5921016
1 5924532
1 5932303
1 5936065
1 5939252
1 5956951
1 5966336
1 5966383
1 5971090
1 5974697
1 5983914
1 5985000
1 5985016
1 5985041
1 5985541
1 5987828
1 5987837
1 5989609
1 5999529
1 6000791
1 6004991
1 6005760
1 6020935
1 6020997
1 6026430
1 6026499
1 6026528
1 6027015
1 6027018
1 6032876
1 6033007
1 6033044
1 6033078
1 6033139
1 6033915
1 6033939
1 6035190
1 6035705
1 6035713
1 6035747
1 6044182
1 6045550
1 6053683
1 6054939
1 6056949
1 6057284
1 6057973
1 6061024
1 6061074
1 6062590
1 6068159
1 6075448
1 6084168
1 6087226
1 6215014
1 6215839
1 6227477
1 6247315
1 6273117
1 6283655
1 6288332
1 6296196
1 6532414
1 6561404
1 6647107
1 6660296
1 6660298
1 6660888
1 6749229
1 6779948
1 6827239
1 6846731
1 6875267
1 6973622
1 7002166
1 7008432
1 7032349
1 7046150
1 7052036
1 7054441
1 7055134
1 7055145
1 7056215
1 7056245
1 7059803
1 7073734
1 7073752
1 7098727
1 7101760
1 7104541
1 7106073
1 7108826
1 7109348
1 7111863
1 7112262
1 7112264
1 7115805
1 7116233
1 7117104
1 7118902
1 7119043
1 7119064
1 7119762
1 7119779
1 7120345
1 7120423
1 7120528
1 7120585
1 7120742
1 7120791
1 7120836
1 7121149
1 7121224
1 7121419
1 7121642
1 7122569
1 7122678
1 7122846
1 7123442
1 7123500
1 7123872
1 7124676
1 7124997
1 7125439
1 7125606
1 7125682
1 7126659
1 7127359
1 7127491
1 7127567
1 7129030
2 4645101
2 5914679
2 5922752
2 5924508
2 5936403
2 5938181
2 5945664
2 5949274
2 5956985
2 5971083
2 5971098
2 5984549
2 5999593
2 6004935
2 6006326
2 6020642
2 6026473
2 6028996
2 6035725
2 6044170
2 6045530
2 6047601
2 6054953
2 6056997
2 6059016
2 6059806
2 6059842
2 6060445
2 6062060
2 6065155
2 6065902
2 6065903
2 6065969
2 6067306
2 6068100
2 6070793
2 6074779
2 6075856
2 6079057
2 6080847
2 6083544
2 6084420
2 6085601
2 6087085
2 6213616
2 6213690
2 6215012
2 6216053
2 6237193
2 6242372
2 6242645
2 6246400
2 6246654
2 6246747
2 6256809
2 6260910
2 6261539
2 6266876
2 6278782
2 6280387
2 6281435
2 6282249
2 6284407
2 6287149
2 6293589
2 6532279
2 6564876
2 6564884
2 6589505
2 6598197
2 6647160
2 6665869
2 6666095
2 6749294
2 6794758
2 6849524
2 6863283
2 6871227
2 6877735
2 6961476
2 6963022
2 6963039
2 6983944
2 7002199
2 7011120
2 7012591
2 7018684
2 7019451
2 7025325
2 7030973
2 7032343
2 7036225
2 7036267
2 7046405
2 7052002
2 7052016
2 7052049
2 7052081
2 7054464
2 7054484
2 7056201
2 7056243
2 7056258
2 7056659
2 7059888
2 7059892
2 7060330
2 7065315
2 7067427
2 7071190
2 7071213
2 7075608
2 7075609
2 7075647
2 7083612
2 7101482
2 7103762
2 7103767
2 7103828
2 7103846
2 7104505
2 7104555
2 7105803
2 7105823
2 7105876
2 7109717
2 7110118
2 7110156
2 7111897
2 7112051
2 7112248
2 7112353
2 7113849
2 7113879
2 7117060
2 7117194
2 7117409
2 7117649
2 7117688
2 7118939
2 7119050
2 7119758
2 7120339
2 7120349
2 7120547
2 7120597
2 7120819
2 7121013
2 7121130
2 7121132
2 7121313
2 7121636
2 7121654
2 7121696
2 7122585
2 7122592
2 7122867
2 7122951
2 7123016
2 7123289
2 7123467
2 7123499
2 7123916
2 7124276
2 7124682
2 7125492
2 7125754
2 7126038
2 7126119
2 7126703
2 7126792
2 7126805
2 7127076
2 7127109
2 7127472
2 7127525
2 7127637
2 7127722
2 7128188
2 7128673
3 3587947
3 5356735
3 5922713
3 5922728
3 5922753
3 5922757
3 5924543
3 5929491
3 5936051
3 5936071
3 5936086
3 5936091
3 5938154
3 5939021
3 5939223
3 5949630
3 5956691
3 5966331
3 5969687
3 5971032
3 5985531
3 5985576
3 5985801
3 5987810
3 5989605
3 5989648
3 5991554
3 5991559
3 5999507
3 5999526
3 6004900
3 6016104
3 6019871
3 6020441
3 6020920
3 6026486
3 6026503
3 6027003
3 6033094
3 6033574
3 6033953
3 6033957
3 6035182
3 6035741
3 6040658
3 6044137
3 6045594
3 6047965
3 6047981
3 6053603
3 6053621
3 6054956
3 6057949
3 6060461
3 6061002
3 6061027
3 6062071
3 6062092
3 6062564
3 6065385
3 6067315
3 6069328
3 6069348
3 6074787
3 6075864
3 6079047
3 6080852
3 6080857
3 6080890
3 6083530
3 6083534
3 6084102
3 6084162
3 6085641
3 6087086
3 6087634
3 6216002
3 6216016
3 6227530
3 6234719
3 6237143
3 6237218
3 6238561
3 6242382
3 6242695
3 6246762
3 6246885
3 6247389
3 6256843
3 6261618
3 6261698
3 6266205
3 6266866
3 6268595
3 6273168
3 6278769
3 6280767
3 6280963
3 6281443
3 6281459
3 6281482
3 6282812
3 6294609
3 6296114
3 6303238
3 6532240
3 6539167
3 6546632
3 6561440
3 6575141
3 6577008
3 6588900
3 6601683
3 6652134
3 6666007
3 6670986
3 6688529
3 6713044
3 6713867
3 6750406
3 6762908
3 6794545
3 6794719
3 6809278
3 6818914
3 6843009
3 6846745
3 6856827
3 6862343
3 6870010
3 6870032
3 6872106
3 6876601
3 6891416
3 6929744
3 6932648
3 6932769
3 6942753
3 6943827
3 6955766
3 6973659
3 6984871
3 7002577
3 7010913
3 7012351
3 7015213
3 7015470
3 7017594
3 7018576
3 7018597
3 7018664
3 7019446
3 7022100
3 7022268
3 7023039
3 7025355
3 7030964
3 7030969
3 7039259
3 7046498
3 7051092
3 7052028
3 7052609
3 7052652
3 7054409
3 7055187
3 7056289
3 7056653
3 7056678
3 7059691
3 7059813
3 7060335
3 7065384
3 7068705
3 7071116
3 7071276
3 7073704
3 7076122
3 7077600
3 7077673
3 7083610
3 7098757
3 7098770
3 7101781
3 7102877
3 7103832
3 7104507
3 7104509
3 7105099
3 7105853
3 7106092
3 7107883
3 7107916
3 7109761
3 7111802
3 7112266
3 7112358
3 7117156
3 7117195
3 7117638
3 7118134
3 7118228
3 7118295
3 7118938
3 7119037
3 7119334
3 7119353
3 7119394
3 7119946
3 7120329
3 7120336
3 7120367
3 7120373
3 7120398
3 7120466
3 7120535
3 7120553
3 7120567
3 7120702
3 7120826
3 7120840
3 7120968
3 7121016
3 7121029
3 7121052
3 7121095
3 7121150
3 7121175
3 7121753
3 7121793
3 7121861
3 7121997
3 7122273
3 7122602
3 7122603
3 7122813
3 7122982
3 7123149
3 7123251
3 7123350
3 7123535
3 7123599
3 7123849
3 7123921
3 7124263
3 7124507
3 7124524
3 7124614
3 7124863
3 7126395
3 7126409
3 7126552
3 7126634
3 7126940
3 7127131
3 7127146
3 7127185
3 7127577
3 7127721
3 7127726
3 7127795
3 7127817
3 7127970
3 7128100
3 7128164
3 7128287
3 7128487
4 4645144
4 5356701
4 5920253
4 5921071
4 5928011
4 5928045
4 5934883
4 5934885
4 5935025
4 5937834
4 5937846
4 5937858
4 5939022
4 5939040
4 5939207
4 5944336
4 5944449
4 5945520
4 5945558
4 5945620
4 5945635
4 5949272
4 5949276
4 5949601
4 5949691
4 5956672
4 5957165
4 5960592
4 5961924
4 5969664
4 5974319
4 5974688
4 5978728
4 5978782
4 5978783
4 5978787
4 5984505
4 5984557
4 5985547
4 5985580
4 5991535
4 5991572
4 5995966
4 6004185
4 6004791
4 6016135
4 6019305
4 6020334
4 6020972
4 6020978
4 6025590
4 6026562
4 6035123
4 6035703
4 6040615
4 6040656
4 6044126
4 6045564
4 6047615
4 6047628
4 6047977
4 6052608
4 6052620
4 6052625
4 6053600
4 6053637
4 6053669
4 6056422
4 6056444
4 6056476
4 6056496
4 6056951
4 6056972
4 6056979
4 6056992
4 6057261
4 6057993
4 6059836
4 6061005
4 6061076
4 6062018
4 6065135
4 6065140
4 6065344
4 6065943
4 6065947
4 6065956
4 6065968
4 6067364
4 6067375
4 6067381
4 6068161
4 6069235
4 6069251
4 6069390
4 6075428
4 6075479
4 6075687
4 6079023
4 6080841
4 6083509
4 6083566
4 6084126
4 6084137
4 6084177
4 6085625
4 6085670
4 6087026
4 6087049
4 6087219
4 6087604
4 6213606
4 6215802
4 6216490
4 6219350
4 6219360
4 6220274
4 6222760
4 6227525
4 6233723
4 6236854
4 6236898
4 6237160
4 6237264
4 6238570
4 6239377
4 6242318
4 6242616
4 6242632
4 6246733
4 6246770
4 6246877
4 6259395
4 6259398
4 6259639
4 6259693
4 6260904
4 6260920
4 6260960
4 6261664
4 6264986
4 6266807
4 6268970
4 6273111
4 6278652
4 6280115
4 6280173
4 6280765
4 6281464
4 6282254
4 6282893
4 6284425
4 6288923
4 6294098
4 6294759
4 6295917
4 6303216
4 6304275
4 6306814
4 6532207
4 6539116
4 6541930
4 6559428
4 6569912
4 6570317
4 6601624
4 6603188
4 6629838
4 6640175
4 6640176
4 6646148
4 6647157
4 6657923
4 6668826
4 6681922
4 6683392
4 6685491
4 6733645
4 6743374
4 6746751
4 6750405
4 6755680
4 6779957
4 6779999
4 6781517
4 6791648
4 6802281
4 6807397
4 6813433
4 6841158
4 6843038
4 6849868
4 6854446
4 6856019
4 6859111
4 6862316
4 6863268
4 6867417
4 6870608
4 6871219
4 6871680
4 6877742
4 6878476
4 6880488
4 6895039
4 6895045
4 6895061
4 6897514
4 6912257
4 6918804
4 6935530
4 6974015
4 6981384
4 6983961
4 6983981
4 6983999
4 6984802
4 6985722
4 6992870
4 6994640
4 6994647
4 6998801
4 7006896
4 7008991
4 7011606
4 7012326
4 7013652
4 7015450
4 7017533
4 7018499
4 7018611
4 7022093
4 7022296
4 7024388
4 7025308
4 7027659
4 7034172
4 7039290
4 7041568
4 7048192
4 7048713
4 7048770
4 7050732
4 7051071
4 7052004
4 7052695
4 7054498
4 7055154
4 7055177
4 7056204
4 7056257
4 7059867
4 7059878
4 7067425
4 7067483
4 7068766
4 7073736
4 7073770
4 7076108
4 7076145
4 7076154
4 7077663
4 7078953
4 7083672
4 7084636
4 7086404
4 7086448
4 7091251
4 7091863
4 7091876
4 7091899
4 7092066
4 7093103
4 7101417
4 7101441
4 7101445
4 7101709
4 7102803
4 7102876
4 7102881
4 7103731
4 7103849
4 7104512
4 7104524
4 7104575
4 7104631
4 7104633
4 7105074
4 7105849
4 7105873
4 7106061
4 7106095
4 7106615
4 7107199
4 7107860
4 7107877
4 7107932
4 7108884
4 7109575
4 7110149
4 7112372
4 7115595
4 7115899
4 7116031
4 7116228
4 7117051
4 7117455
4 7117457
4 7118137
4 7118167
4 7118193
4 7118265
4 7118290
4 7118679
4 7118901
4 7118963
4 7118985
4 7118997
4 7119077
4 7119309
4 7119317
4 7119786
4 7119924
4 7119971
4 7119976
4 7120327
4 7120372
4 7120399
4 7120546
4 7120554
4 7120574
4 7120694
4 7120695
4 7120743
4 7120753
4 7120775
4 7120782
4 7120785
4 7120853
4 7120925
4 7121007
4 7121086
4 7121165
4 7121167
4 7121180
4 7121185
4 7121203
4 7121249
4 7121285
4 7121291
4 7121301
4 7121312
4 7121343
4 7121395
4 7121399
4 7121499
4 7121576
4 7121622
4 7121633
4 7121680
4 7121708
4 7121724
4 7121757
4 7121860
4 7121908
4 7122041
4 7122102
4 7122130
4 7122134
4 7122156
4 7122181
4 7122297
4 7122300
4 7122398
4 7122417
4 7122502
4 7122717
4 7122897
4 7122980
4 7123230
4 7123302
4 7123313
4 7123370
4 7123600
4 7123716
4 7124015
4 7124109
4 7124289
4 7124321
4 7124326
4 7124486
4 7124504
4 7124545
4 7124604
4 7124619
4 7124657
4 7124685
4 7124693
4 7124792
4 7124850
4 7125123
4 7125180
4 7125207
4 7125329
4 7125397
4 7125398
4 7125448
4 7125540
4 7125645
4 7125824
4 7125851
4 7125898
4 7125929
4 7126041
4 7126094
4 7126226
4 7126313
4 7126440
4 7126511
4 7126513
4 7126543
4 7126574
4 7126709
4 7126720
4 7126759
4 7126774
4 7126905
4 7126968
4 7127013
4 7127067
4 7127082
4 7127213
4 7127280
4 7127361
4 7127385
4 7127548
4 7127555
4 7127571
4 7127635
4 7127737
4 7127750
4 7127889
4 7127918
4 7127957
4 7128005
4 7128049
4 7128077
4 7128088
4 7128109
4 7128178
4 7128207
4 7128390
4 7128444
4 7128535
4 7128544
4 7128610
4 7129061
5 2501382
5 4645128
5 4645142
5 4645196
5 5922732
5 5924564
5 5928003
5 5929469
5 5929477
5 5936455
5 5937816
5 5938135
5 5939043
5 5939044
5 5939253
5 5939294
5 5942790
5 5944307
5 5944345
5 5944439
5 5944624
5 5945636
5 5945651
5 5949241
5 5956971
5 5960527
5 5960585
5 5961920
5 5961931
5 5965519
5 5967810
5 5967815
5 5969616
5 5974310
5 5974674
5 5978706
5 5978745
5 5983937
5 5983984
5 5984583
5 5985002
5 5985089
5 5989646
5 5991507
5 5991577
5 5995980
5 6004169
5 6004706
5 6004779
5 6004794
5 6006328
5 6006329
5 6006333
5 6006368
5 6016109
5 6019810
5 6019889
5 6019899
5 6020352
5 6020684
5 6020966
5 6020980
5 6024869
5 6025583
5 6026451
5 6027058
5 6027072
5 6027089
5 6033055
5 6033121
5 6033136
5 6033194
5 6033506
5 6033983
5 6035108
5 6035702
5 6035740
5 6035758
5 6040608
5 6040624
5 6044110
5 6045583
5 6047906
5 6047962
5 6047974
5 6049049
5 6049098
5 6051496
5 6053614
5 6053618
5 6053631
5 6053646
5 6054908
5 6054955
5 6057239
5 6057925
5 6057976
5 6059041
5 6061001
5 6061023
5 6062043
5 6065125
5 6065353
5 6065369
5 6065381
5 6067339
5 6067383
5 6068160
5 6068181
5 6068239
5 6075497
5 6080882
5 6080889
5 6083593
5 6087209
5 6087221
5 6216492
5 6220220
5 6228263
5 6232375
5 6233384
5 6236831
5 6237177
5 6238528
5 6238581
5 6242393
5 6246495
5 6246728
5 6246769
5 6247367
5 6256861
5 6259667
5 6260965
5 6260976
5 6261581
5 6261592
5 6266211
5 6266270
5 6266812
5 6268513
5 6268527
5 6268531
5 6268984
5 6273118
5 6273182
5 6278781
5 6280137
5 6280709
5 6280756
5 6280794
5 6280964
5 6282268
5 6282279
5 6283685
5 6288314
5 6288339
5 6288385
5 6288919
5 6294038
5 6294051
5 6295934
5 6302044
5 6302088
5 6532771
5 6539158
5 6543892
5 6551557
5 6559411
5 6569491
5 6583456
5 6614706
5 6652202
5 6652277
5 6675300
5 6683394
5 6698442
5 6726268
5 6728340
5 6733336
5 6756612
5 6758996
5 6787629
5 6796701
5 6854448
5 6856041
5 6856828
5 6856862
5 6859181
5 6863230
5 6863255
5 6866822
5 6867475
5 6870014
5 6870039
5 6870885
5 6871621
5 6877795
5 6878419
5 6878482
5 6879350
5 6879387
5 6880153
5 6881726
5 6891432
5 6893795
5 6895092
5 6911232
5 6922194
5 6929707
5 6932647
5 6955784
5 6974083
5 6984005
5 6984088
5 6984808
5 6992858
5 6994618
5 6994636
5 6994656
5 7005023
5 7005082
5 7007199
5 7010777
5 7011134
5 7014247
5 7015989
5 7017579
5 7018343
5 7018508
5 7019467
5 7023041
5 7023070
5 7024306
5 7027636
5 7027653
5 7028445
5 7034161
5 7046075
5 7046229
5 7046484
5 7046557
5 7048197
5 7048789
5 7050622
5 7050685
5 7050793
5 7052071
5 7054438
5 7054453
5 7055169
5 7056212
5 7056236
5 7056675
5 7056687
5 7059685
5 7059820
5 7059826
5 7059886
5 7061725
5 7061730
5 7061731
5 7061776
5 7065333
5 7067454
5 7067493
5 7068725
5 7071136
5 7071153
5 7071177
5 7071199
5 7071279
5 7071295
5 7073772
5 7076140
5 7077626
5 7077638
5 7078947
5 7083639
5 7084660
5 7086434
5 7086491
5 7086498
5 7087002
5 7087079
5 7087254
5 7087273
5 7091205
5 7091222
5 7091885
5 7093144
5 7098714
5 7098737
5 7101421
5 7101422
5 7101718
5 7102810
5 7102823
5 7102869
5 7102870
5 7103709
5 7103711
5 7104531
5 7104542
5 7104562
5 7104623
5 7104688
5 7105017
5 7105824
5 7106054
5 7106643
5 7107193
5 7107800
5 7107803
5 7107806
5 7107851
5 7107867
5 7107963
5 7107972
5 7108800
5 7109354
5 7109501
5 7109700
5 7109733
5 7109763
5 7110151
5 7110152
5 7110195
5 7111836
5 7112245
5 7112260
5 7112312
5 7113841
5 7115508
5 7115571
5 7116035
5 7116089
5 7116288
5 7117155
5 7117436
5 7117454
5 7117499
5 7117614
5 7118101
5 7118152
5 7118244
5 7118267
5 7118294
5 7118605
5 7118614
5 7118693
5 7118695
5 7118913
5 7118948
5 7119300
5 7119316
5 7119318
5 7119344
5 7119383
5 7119390
5 7119700
5 7119939
5 7120300
5 7120328
5 7120340
5 7120351
5 7120369
5 7120405
5 7120406
5 7120422
5 7120563
5 7120655
5 7120683
5 7120713
5 7120729
5 7120745
5 7120769
5 7120799
5 7120878
5 7120887
5 7120888
5 7120910
5 7120937
5 7120951
5 7120960
5 7120962
5 7120965
5 7120971
5 7121005
5 7121019
5 7121023
5 7121109
5 7121166
5 7121215
5 7121219
5 7121238
5 7121298
5 7121438
5 7121570
5 7121618
5 7121712
5 7121772
5 7121806
5 7121913
5 7121995
5 7122024
5 7122120
5 7122131
5 7122168
5 7122280
5 7122307
5 7122395
5 7122418
5 7122421
5 7122529
5 7122554
5 7122664
5 7122694
5 7122773
5 7122917
5 7123020
5 7123075
5 7123100
5 7123217
5 7123220
5 7123232
5 7123383
5 7123446
5 7123613
5 7123631
5 7123711
5 7123765
5 7123800
5 7123820
5 7123933
5 7124010
5 7124197
5 7124247
5 7124256
5 7124260
5 7124323
5 7124338
5 7124369
5 7124416
5 7124618
5 7124624
5 7124653
5 7124669
5 7124725
5 7124738
5 7124898
5 7124899
5 7124924
5 7125032
5 7125088
5 7125094
5 7125099
5 7125126
5 7125297
5 7125306
5 7125392
5 7125395
5 7125494
5 7125525
5 7125544
5 7125587
5 7125592
5 7125869
5 7125889
5 7125902
5 7125946
5 7126225
5 7126275
5 7126316
5 7126400
5 7126418
5 7126512
5 7126519
5 7126578
5 7127011
5 7127047
5 7127103
5 7127230
5 7127246
5 7127368
5 7127406
5 7127523
5 7127530
5 7127566
5 7127606
5 7127609
5 7127613
5 7127651
5 7127656
5 7127842
5 7127860
5 7127919
5 7127972
5 7128024
5 7128034
5 7128065
5 7128069
5 7128166
5 7128216
5 7128292
5 7128308
5 7128312
5 7128322
5 7128406
5 7128435
5 7128438
5 7128514
5 7128532
5 7128540
5 7128599
5 7128654
5 7128701
5 7129131
5 7129164
6 2501369
6 3587929
6 4645187
6 4645198
6 5356768
6 5356782
6 5922708
6 5922764
6 5922770
6 5922779
6 5924550
6 5928050
6 5929415
6 5929461
6 5929489
6 5932351
6 5932363
6 5934835
6 5934875
6 5936015
6 5936063
6 5936443
6 5936445
6 5936477
6 5937864
6 5938120
6 5938126
6 5939258
6 5942750
6 5944348
6 5944350
6 5944399
6 5944431
6 5944442
6 5944480
6 5944501
6 5944549
6 5945647
6 5945678
6 5945695
6 5948523
6 5948527
6 5948562
6 5949270
6 5949609
6 5949624
6 5949696
6 5950701
6 5950724
6 5956625
6 5956675
6 5956696
6 5956956
6 5960562
6 5960575
6 5961903
6 5967808
6 5967830
6 5969674
6 5971068
6 5974344
6 5974603
6 5978700
6 5978760
6 5984554
6 5985007
6 5985082
6 5985544
6 5985835
6 5985867
6 5987892
6 5989611
6 5989631
6 5991550
6 5995997
6 5999513
6 6000720
6 6000790
6 6004700
6 6004705
6 6004749
6 6004756
6 6004780
6 6004930
6 6004990
6 6006332
6 6016173
6 6019345
6 6019384
6 6020332
6 6020386
6 6020443
6 6020615
6 6020661
6 6020903
6 6020913
6 6020921
6 6025577
6 6026402
6 6026467
6 6026509
6 6027001
6 6027032
6 6027056
6 6027073
6 6028938
6 6032113
6 6032153
6 6032185
6 6032895
6 6033010
6 6033106
6 6033161
6 6033507
6 6033534
6 6033572
6 6033933
6 6033972
6 6035125
6 6035144
6 6035738
6 6035782
6 6044135
6 6044147
6 6047988
6 6051440
6 6051483
6 6051509
6 6051531
6 6053602
6 6053653
6 6053682
6 6053696
6 6054921
6 6056919
6 6056948
6 6056961
6 6056974
6 6057203
6 6057995
6 6059033
6 6059088
6 6059094
6 6059801
6 6060420
6 6061007
6 6062008
6 6065108
6 6065146
6 6065999
6 6067369
6 6068139
6 6068157
6 6068238
6 6069225
6 6069234
6 6069298
6 6070759
6 6074739
6 6075488
6 6075611
6 6079024
6 6080836
6 6083597
6 6084425
6 6085603
6 6085667
6 6085669
6 6087260
6 6213647
6 6213666
6 6216455
6 6227416
6 6228273
6 6232344
6 6234736
6 6246483
6 6246708
6 6246811
6 6246861
6 6247391
6 6247399
6 6256853
6 6259662
6 6259686
6 6260982
6 6260989
6 6261501
6 6261652
6 6264970
6 6266208
6 6268562
6 6268966
6 6268990
6 6273100
6 6279881
6 6280183
6 6280343
6 6280750
6 6281432
6 6281478
6 6282298
6 6283634
6 6284403
6 6284486
6 6288945
6 6288963
6 6288991
6 6293546
6 6294660
6 6296128
6 6296199
6 6297098
6 6306848
6 6532447
6 6543859
6 6551544
6 6570373
6 6583953
6 6586344
6 6586741
6 6631885
6 6652296
6 6671952
6 6688570
6 6714218
6 6717124
6 6735175
6 6756647
6 6756903
6 6757712
6 6758944
6 6762928
6 6818941
6 6820968
6 6826772
6 6847886
6 6854494
6 6857332
6 6859175
6 6880120
6 6881783
6 6908195
6 6910810
6 6922678
6 6942273
6 6942274
6 6948917
6 6951843
6 6951866
6 6972455
6 6974006
6 6978260
6 6978281
6 6981366
6 6985790
6 6992895
6 6995058
6 6997416
6 7002167
6 7002171
6 7004777
6 7008490
6 7010070
6 7010776
6 7011182
6 7011610
6 7012332
6 7013674
6 7015439
6 7015457
6 7018436
6 7018438
6 7018881
6 7020310
6 7020364
6 7022147
6 7022156
6 7022242
6 7022256
6 7023072
6 7025391
6 7027116
6 7027118
6 7027179
6 7027180
6 7027671
6 7032354
6 7032387
6 7039283
6 7046288
6 7048119
6 7048124
6 7048174
6 7050626
6 7052684
6 7055114
6 7055132
6 7056233
6 7056632
6 7056688
6 7059607
6 7060344
6 7060346
6 7061751
6 7061797
6 7065348
6 7067400
6 7067490
6 7068713
6 7068736
6 7068756
6 7068796
6 7071126
6 7071145
6 7071162
6 7071210
6 7071240
6 7076107
6 7077693
6 7078968
6 7083695
6 7084655
6 7084680
6 7086422
6 7086471
6 7086488
6 7086490
6 7087004
6 7087028
6 7087066
6 7087215
6 7087238
6 7087296
6 7089036
6 7089094
6 7089098
6 7091207
6 7091219
6 7091272
6 7092019
6 7093147
6 7098715
6 7098724
6 7098732
6 7101411
6 7101451
6 7101469
6 7101756
6 7102834
6 7102851
6 7102852
6 7103706
6 7103718
6 7103738
6 7103839
6 7103852
6 7104565
6 7105003
6 7105034
6 7105037
6 7105088
6 7105879
6 7106641
6 7106651
6 7106661
6 7106695
6 7107133
6 7107148
6 7107172
6 7107856
6 7107880
6 7107905
6 7107962
6 7108872
6 7109330
6 7109356
6 7109533
6 7109581
6 7109749
6 7109754
6 7110174
6 7110194
6 7112239
6 7112279
6 7112352
6 7112380
6 7113833
6 7113848
6 7113867
6 7113875
6 7115539
6 7115875
6 7115881
6 7116038
6 7116043
6 7116251
6 7116257
6 7117002
6 7117012
6 7117064
6 7117136
6 7117402
6 7117456
6 7117463
6 7117625
6 7118104
6 7118117
6 7118120
6 7118161
6 7118284
6 7118288
6 7118600
6 7118628
6 7118692
6 7118918
6 7118920
6 7118926
6 7118937
6 7119010
6 7119380
6 7119712
6 7119951
6 7120416
6 7120434
6 7120468
6 7120485
6 7120573
6 7120632
6 7120638
6 7120654
6 7120689
6 7120715
6 7120723
6 7120730
6 7120746
6 7120779
6 7120784
6 7120797
6 7120868
6 7120872
6 7120881
6 7120913
6 7120927
6 7120935
6 7120963
6 7120987
6 7121030
6 7121036
6 7121046
6 7121047
6 7121054
6 7121073
6 7121076
6 7121217
6 7121248
6 7121306
6 7121355
6 7121369
6 7121415
6 7121422
6 7121475
6 7121485
6 7121525
6 7121527
6 7121561
6 7121643
6 7121652
6 7121718
6 7121797
6 7121837
6 7121878
6 7121892
6 7121897
6 7121905
6 7121936
6 7121991
6 7122017
6 7122068
6 7122202
6 7122234
6 7122241
6 7122250
6 7122377
6 7122537
6 7122573
6 7122630
6 7122639
6 7122825
6 7122908
6 7122935
6 7123082
6 7123183
6 7123261
6 7123287
6 7123475
6 7123559
6 7123589
6 7123639
6 7123693
6 7123713
6 7123803
6 7124024
6 7124171
6 7124387
6 7124443
6 7124551
6 7124567
6 7124621
6 7124648
6 7124659
6 7124716
6 7124733
6 7124831
6 7124971
6 7124972
6 7124992
6 7124994
6 7124996
6 7125090
6 7125140
6 7125289
6 7125309
6 7125325
6 7125646
6 7125686
6 7125719
6 7125905
6 7126021
6 7126140
6 7126285
6 7126296
6 7126303
6 7126314
6 7126324
6 7126401
6 7126537
6 7126705
6 7126716
6 7126851
6 7126864
6 7126876
6 7126911
6 7127004
6 7127083
6 7127158
6 7127197
6 7127277
6 7127338
6 7127412
6 7127551
6 7127589
6 7127753
6 7127772
6 7127944
6 7128018
6 7128055
6 7128099
6 7128147
6 7128196
6 7128286
6 7128341
6 7128424
6 7128425
6 7128459
6 7128489
6 7128508
6 7128550
6 7128571
6 7128587
6 7128594
6 7128686
6 7128783
6 7129154
7 3587937
7 3587992
7 4645155
7 5914600
7 5920289
7 5922746
7 5924569
7 5924577
7 5928054
7 5928084
7 5932330
7 5932361
7 5935090
7 5936000
7 5937873
7 5938148
7 5938174
7 5944353
7 5944406
7 5945573
7 5945619
7 5948532
7 5948543
7 5948578
7 5949217
7 5949641
7 5949649
7 5949689
7 5950770
7 5950779
7 5956649
7 5956663
7 5957146
7 5957189
7 5960541
7 5961990
7 5961992
7 5961997
7 5965528
7 5966393
7 5967887
7 5969649
7 5969673
7 5971081
7 5974629
7 5974665
7 5984531
7 5985070
7 5985811
7 5985814
7 5985860
7 5985879
7 5987840
7 5987887
7 5995950
7 5999531
7 5999532
7 6004118
7 6004149
7 6004170
7 6004704
7 6005717
7 6005749
7 6006303
7 6006394
7 6016168
7 6020323
7 6020381
7 6020396
7 6020401
7 6020444
7 6024825
7 6024893
7 6026440
7 6026490
7 6026507
7 6026512
7 6026545
7 6032162
7 6032851
7 6033004
7 6033061
7 6033571
7 6033921
7 6033982
7 6035101
7 6035114
7 6040614
7 6044124
7 6045500
7 6047917
7 6049087
7 6051479
7 6051574
7 6053608
7 6057286
7 6059071
7 6059819
7 6061021
7 6062052
7 6062549
7 6065339
7 6065967
7 6067337
7 6070783
7 6074715
7 6075471
7 6075624
7 6079075
7 6083501
7 6084120
7 6084424
7 6085652
7 6087004
7 6087093
7 6087220
7 6087612
7 6213655
7 6215084
7 6220240
7 6222757
7 6227539
7 6233541
7 6233756
7 6233779
7 6242672
7 6246331
7 6246494
7 6246849
7 6246860
7 6256819
7 6259366
7 6260933
7 6260992
7 6261591
7 6261614
7 6264963
7 6264994
7 6266821
7 6266825
7 6266881
7 6273138
7 6278627
7 6278778
7 6280146
7 6280177
7 6280383
7 6280714
7 6282800
7 6287121
7 6296138
7 6296162
7 6302075
7 6307319
7 6532200
7 6570339
7 6575167
7 6577098
7 6612812
7 6658294
7 6685427
7 6735132
7 6756690
7 6767989
7 6787696
7 6792921
7 6794795
7 6802635
7 6804912
7 6828685
7 6839800
7 6846792
7 6879366
7 6890927
7 6893706
7 6908825
7 6909401
7 6916019
7 6916026
7 6931083
7 6935588
7 6955775
7 6956848
7 6974043
7 6978267
7 6981332
7 6981711
7 6984003
7 6994605
7 6995064
7 6995759
7 6995768
7 6996433
7 7002187
7 7003942
7 7006823
7 7006826
7 7006873
7 7009092
7 7012944
7 7012961
7 7014284
7 7015992
7 7018407
7 7018466
7 7018538
7 7022148
7 7027147
7 7027677
7 7027689
7 7030965
7 7041542
7 7046030
7 7046516
7 7046531
7 7048154
7 7048797
7 7051075
7 7052675
7 7055126
7 7055131
7 7055140
7 7055159
7 7056206
7 7056216
7 7056239
7 7056287
7 7056642
7 7056683
7 7059619
7 7059666
7 7059891
7 7060312
7 7060393
7 7061733
7 7061763
7 7065331
7 7067413
7 7067430
7 7067444
7 7068707
7 7071130
7 7071135
7 7071192
7 7071212
7 7071215
7 7071250
7 7073754
7 7075633
7 7075687
7 7076147
7 7076175
7 7077653
7 7077681
7 7077683
7 7078930
7 7078951
7 7078982
7 7083696
7 7086401
7 7086420
7 7086435
7 7086480
7 7087007
7 7087071
7 7087073
7 7087081
7 7087212
7 7087218
7 7089014
7 7089068
7 7089088
7 7091227
7 7091255
7 7091836
7 7091853
7 7092007
7 7098718
7 7101413
7 7101739
7 7101793
7 7102849
7 7102856
7 7102864
7 7103737
7 7103749
7 7103754
7 7103757
7 7103790
7 7103806
7 7103870
7 7103882
7 7104543
7 7105026
7 7105094
7 7106068
7 7106613
7 7106622
7 7106678
7 7106691
7 7107106
7 7107149
7 7107190
7 7107819
7 7107933
7 7107992
7 7108807
7 7108846
7 7108882
7 7109559
7 7109736
7 7112096
7 7112307
7 7112345
7 7113802
7 7113812
7 7113862
7 7115501
7 7115557
7 7115593
7 7115808
7 7115855
7 7116070
7 7116090
7 7116236
7 7116269
7 7117414
7 7117424
7 7117438
7 7117490
7 7118217
7 7118233
7 7118266
7 7118972
7 7118979
7 7119323
7 7119366
7 7119948
7 7119984
7 7120437
7 7120451
7 7120467
7 7120495
7 7120496
7 7120616
7 7120626
7 7120657
7 7120663
7 7120684
7 7120717
7 7120750
7 7120804
7 7120879
7 7120880
7 7120955
7 7121059
7 7121069
7 7121241
7 7121246
7 7121263
7 7121293
7 7121304
7 7121325
7 7121334
7 7121336
7 7121366
7 7121383
7 7121432
7 7121471
7 7121497
7 7121534
7 7121664
7 7121690
7 7121805
7 7121863
7 7121869
7 7121886
7 7121953
7 7122025
7 7122042
7 7122046
7 7122125
7 7122178
7 7122188
7 7122205
7 7122230
7 7122314
7 7122371
7 7122469
7 7122523
7 7122640
7 7122682
7 7122720
7 7122744
7 7122790
7 7122893
7 7122923
7 7123029
7 7123078
7 7123084
7 7123123
7 7123246
7 7123258
7 7123307
7 7123327
7 7123341
7 7123462
7 7123484
7 7123497
7 7123545
7 7123570
7 7123635
7 7123768
7 7123993
7 7124001
7 7124030
7 7124163
7 7124251
7 7124255
7 7124270
7 7124286
7 7124313
7 7124357
7 7124713
7 7124948
7 7124961
7 7124982
7 7125031
7 7125336
7 7125351
7 7125497
7 7125511
7 7125617
7 7125662
7 7125716
7 7125871
7 7125968
7 7126167
7 7126173
7 7126272
7 7126288
7 7126375
7 7126795
7 7126801
7 7126932
7 7126936
7 7127127
7 7127184
7 7127245
7 7127295
7 7127452
7 7127482
7 7127493
7 7127748
7 7127826
7 7127945
7 7128006
7 7128071
7 7128089
7 7128177
7 7128201
7 7128224
7 7128313
7 7128442
7 7128524
7 7128546
7 7128680
7 7128767
7 7128768
7 7129071
7 7129115
8 2501324
8 2501347
8 4645171
8 4645182
8 5914614
8 5918164
8 5929444
8 5934800
8 5934881
8 5939265
8 5948556
8 5949657
8 5950704
8 5950733
8 5956666
8 5956965
8 5957152
8 5957156
8 5961900
8 5965506
8 5966307
8 5967889
8 5974331
8 5974364
8 5974640
8 5978733
8 5984594
8 5985068
8 5985077
8 5985800
8 5985833
8 5987889
8 5991523
8 6000736
8 6004151
8 6004784
8 6004941
8 6004966
8 6005770
8 6006335
8 6019362
8 6019398
8 6020394
8 6025509
8 6025598
8 6026549
8 6027038
8 6027052
8 6033118
8 6040687
8 6044141
8 6051490
8 6051555
8 6053610
8 6060476
8 6075682
8 6079077
8 6084408
8 6228252
8 6233717
8 6234715
8 6268591
8 6280167
8 6280391
8 6294033
8 6294615
8 6306863
8 6532423
8 6568625
8 6690299
8 6736000
8 6756994
8 6794527
8 6854487
8 6859105
8 6866821
8 6891098
8 6895043
8 6951174
8 6951871
8 6953077
8 6954734
8 6974059
8 6981346
8 6985723
8 6995090
8 7001878
8 7006848
8 7008965
8 7011130
8 7011687
8 7015493
8 7022184
8 7030928
8 7036279
8 7046191
8 7046196
8 7048173
8 7048794
8 7050781
8 7055101
8 7055103
8 7056242
8 7056246
8 7056606
8 7056681
8 7059653
8 7061779
8 7065336
8 7071129
8 7071168
8 7073724
8 7073775
8 7073798
8 7075618
8 7076127
8 7076189
8 7078926
8 7084606
8 7084609
8 7084651
8 7084693
8 7087026
8 7087206
8 7101450
8 7101773
8 7103759
8 7104635
8 7104667
8 7106018
8 7106667
8 7106681
8 7107107
8 7107155
8 7107175
8 7109358
8 7109780
8 7109781
8 7110131
8 7110162
8 7110169
8 7113856
8 7115800
8 7115847
8 7116220
8 7117004
8 7117048
8 7117073
8 7117423
8 7117605
8 7117608
8 7117676
8 7119338
8 7120307
8 7120343
8 7120404
8 7120470
8 7120499
8 7120674
8 7120701
8 7120855
8 7120871
8 7121066
8 7121120
8 7121158
8 7121187
8 7121193
8 7121277
8 7121356
8 7121808
8 7122076
8 7122145
8 7122312
8 7122403
8 7122500
8 7122508
8 7122517
8 7122875
8 7123153
8 7123236
8 7123275
8 7123317
8 7123529
8 7123653
8 7123811
8 7123925
8 7124168
8 7124302
8 7124406
8 7124543
8 7124699
8 7124856
8 7125271
8 7125350
8 7125378
8 7125401
8 7125666
8 7125677
8 7125704
8 7125765
8 7125768
8 7125880
8 7125887
8 7125975
8 7125986
8 7126034
8 7126189
8 7126229
8 7126368
8 7126488
8 7126551
8 7126788
8 7126991
8 7127116
8 7127335
8 7127391
8 7127470
8 7127481
8 7127502
8 7127520
8 7127629
8 7127681
8 7127720
8 7127870
8 7127915
8 7128112
8 7128235
8 7128385
8 7128480
8 7128537
8 7128605
8 7128614
8 7128778
8 7128779
8 7128795
8 7129096
8 7129153
9 4645178
9 4645189
9 5932393
9 5935092
9 5939010
9 5939025
9 5967818
9 5971084
9 5974619
9 5985573
9 5989698
9 6000735
9 6004153
9 6004950
9 6019302
9 6019370
9 6020465
9 6020648
9 6025507
9 6026405
9 6026542
9 6032131
9 6032186
9 6032192
9 6033152
9 6045528
9 6054966
9 6069220
9 6085666
9 6087609
9 6215059
9 6236889
9 6259650
9 6268559
9 6280712
9 6282257
9 6304289
9 6532722
9 6565803
9 6629895
9 6758627
9 6880192
9 6908835
9 6981325
9 6984865
9 6993655
9 7003968
9 7017515
9 7022132
9 7036231
9 7046035
9 7046111
9 7046212
9 7052677
9 7054424
9 7055161
9 7059626
9 7061762
9 7061777
9 7071141
9 7071154
9 7071218
9 7077632
9 7077691
9 7086483
9 7087023
9 7101767
9 7103850
9 7112319
9 7117174
9 7117405
9 7117618
9 7118124
9 7118970
9 7119934
9 7120650
9 7120706
9 7120996
9 7121194
9 7121492
9 7121695
9 7121811
9 7121928
9 7121983
9 7122286
9 7122319
9 7122590
9 7122833
9 7122898
9 7123190
9 7123625
9 7124254
9 7124882
9 7125358
9 7125936
9 7126078
9 7126972
9 7127695
9 7127845
9 7127881
9 7128086
9 7128581
9 7128676
9 7128764
9 7129014
10 3587987
10 5918165
10 5921014
10 5932364
10 5936430
10 5942723
10 5942738
10 5950784
10 5967805
10 5989656
10 5991512
10 5999552
10 6004957
10 6005721
10 6032196
10 6068243
10 6087617
10 6215045
10 6227586
10 6281477
10 6306810
10 6544794
10 6713087
10 6758935
10 6816501
10 6972403
10 6993601
10 7022135
10 7032318
10 7065382
10 7071182
10 7073729
10 7075692
10 7077674
10 7101474
10 7110138
10 7111804
10 7116051
10 7117667
10 7120562
10 7120830
10 7120873
10 7120993
10 7121709
10 7121919
10 7122346
10 7122583
10 7124809
10 7124896
10 7125063
10 7125950
10 7125982
10 7127161
10 7127432
10 7127562
10 7128103
10 7128751
10 7129155
